Bunker
50.9456486902553 -1.41383528709412
50.945643303554 -1.41383897513151
50.9456364381495 -1.4138450101018
50.9456314739333 -1.41384886577725
50.9456247141486 -1.4138518832624
50.9456194330662 -1.41385070979595
50.9456133070098 -1.41384702175856
50.9456093990079 -1.4138413220644
50.9456097158729 -1.41383310779929
50.9456129901448 -1.4138225466013
50.9456177431197 -1.41381248831749
50.9456216511209 -1.41380527988076
50.9456261928516 -1.41380025073886
50.9456327413928 -1.4137982390821
50.9456385505818 -1.4138000831008
50.9456430923108 -1.41380444169044
50.9456466834451 -1.41381181776524
50.9456503802007 -1.41382489353418
50.9456486902553 -1.41383528709412
Bunker
50.94576909871 -1.41361635178328
50.9457662469344 -1.41362305730581
50.9457629726734 -1.41362758353353
50.9457591703054 -1.41363026574254
50.945754734209 -1.41362825408578
50.9457497700054 -1.41362506896257
50.9457453339081 -1.41362138092518
50.9457418484028 -1.41361517831683
50.9457400528394 -1.41361031681299
50.9457379404117 -1.41360428184271
50.9457379404117 -1.41359673812985
50.9457401584608 -1.41359003260732
50.9457451226654 -1.41358600929379
50.9457512487044 -1.41358299180865
50.9457568466359 -1.41358332708478
50.9457626558094 -1.41358483582735
50.9457669862837 -1.41359137371182
50.9457689930887 -1.4135979115963
50.9457706830297 -1.41360679641366
50.94576909871 -1.41361635178328
Bunker
50.9457501924908 -1.41352063044906
50.945745862015 -1.41352448612452
50.945739947218 -1.41352448612452
50.9457337155561 -1.41352348029613
50.9457287513503 -1.41352012753487
50.9457258995722 -1.41351342201233
50.9457237871439 -1.41350520774722
50.9457257939508 -1.41349783167243
50.9457294907001 -1.41349280253053
50.9457338211775 -1.4134874381125
50.945739947218 -1.41348727047443
50.9457472350927 -1.41348626464605
50.9457530442674 -1.41348643228412
50.945754734209 -1.41349213197827
50.9457541004809 -1.41350504010916
50.9457521464859 -1.41351283527911
50.9457501924908 -1.41352063044906
Bunker
50.9455221554204 -1.4133545011282
50.9455160293512 -1.41336020082235
50.9455096920374 -1.41336489468813
50.9455008197966 -1.41336053609848
50.9454906800908 -1.41335684806108
50.9454849765053 -1.41334913671017
50.9454834977978 -1.41333840787411
50.945485610237 -1.41332466155291
50.9454879339201 -1.41331125050783
50.9454879339201 -1.41329314559698
50.945488145164 -1.41327906399965
50.945488145164 -1.41326297074556
50.945490257603 -1.4132522419095
50.9454982848704 -1.41324318945408
50.9455086358183 -1.41324553638697
50.9455208879579 -1.41324888914824
50.9455320838757 -1.41325827687979
50.9455369424807 -1.41327168792486
50.9455369424807 -1.41329381614923
50.9455352525311 -1.41331259161234
50.9455320838757 -1.41332801431417
50.945527119648 -1.41334125772119
50.9455221554204 -1.4133545011282
Green
50.9454173784016 -1.41371659934521
50.9454104073416 -1.41373336315155
50.9454068161889 -1.41374576836824
50.9454032250362 -1.41375817358494
50.9453956202404 -1.41376789659262
50.9453880154447 -1.4137776196003
50.9453796712894 -1.41378281638026
50.9453713271342 -1.41378801316023
50.9453629829789 -1.4137932099402
50.9453546388236 -1.41379840672016
50.9453444990848 -1.4138000831008
50.945334359346 -1.41380175948143
50.9453231633793 -1.413792707026
50.9453119674125 -1.41378365457058
50.9453060525592 -1.41377359628677
50.9453001377059 -1.41376353800297
50.9452942228526 -1.41375347971916
50.9452883079993 -1.41374342143536
50.9452834493681 -1.41372263431549
50.9452785907369 -1.41370184719563
50.9452802806957 -1.41367703676224
50.9452819706545 -1.41365222632885
50.9452874630197 -1.41362104564905
50.945292955385 -1.41358986496925
50.94529760277 -1.41356807202101
50.945302250155 -1.41354627907276
50.945309009986 -1.41352448612452
50.9453157698171 -1.41350269317627
50.945328866986 -1.41347452998161
50.9453382673701 -1.41345843672752
50.9453476677542 -1.41344234347343
50.9453608705345 -1.41343731433153
50.9453740733148 -1.41343228518963
50.9453905503769 -1.41342960298061
50.9454059712093 -1.41343865543604
50.9454213920417 -1.41344770789146
50.9454285743426 -1.41346111893654
50.9454357566435 -1.41347452998161
50.9454429389444 -1.41348794102669
50.9454501212453 -1.41350135207176
50.9454510718436 -1.41351543366909
50.945452022442 -1.41352951526642
50.9454529730403 -1.41354359686375
50.9454539236386 -1.41355767846107
50.9454508605993 -1.41357662156224
50.94544779756 -1.41359556466341
50.9454447345207 -1.41361450776458
50.9454416714814 -1.41363345086575
50.9454378690867 -1.41364837065339
50.945434066692 -1.41366329044104
50.9454302642972 -1.41367821022868
50.9454264619025 -1.41369313001633
50.945421920152 -1.41370486468077
50.9454173784016 -1.41371659934521
Tee
50.9465982186362 -1.41331896185875
